141 140 1
141 139 1
141 138 1
141 137 1
141 136 1
141 135 1
141 134 1
141 133 1
141 132 1
141 131 1
141 130 1
141 128 1
141 127 1
145 144 1
145 143 1
145 142 1
145 141 1
145 140 1
145 139 1
145 138 1
145 137 1
145 136 1
145 135 1
145 134 1
145 133 1
145 132 1
146 145 1
146 144 1
146 143 1
146 142 1
146 141 1
146 140 1
146 139 1
146 138 1
146 137 1
146 136 1
146 135 1
146 134 1
146 133 1
146 132 1
148 147 1
148 146 1
148 145 1
148 144 1
148 143 1
148 142 1
148 141 1
148 140 1
148 138 1
148 139 1
148 137 1
148 136 1
149 148 1
149 147 1
149 146 1
149 145 1
149 144 1
149 143 1
149 142 1
149 141 1
149 140 1
149 139 1
149 138 1
149 137 1
149 136 1
150 151 1
150 149 1
150 148 1
150 147 1
150 101 1
150 102 1
150 100 1
150 103 1
150 146 1
150 104 1
150 99 1
150 105 1
150 98 1
150 145 1
150 144 1
150 107 1
150 108 1
150 97 1
150 73 1
150 143 1
150 79 1
150 109 1
150 45 1
150 85 1
150 96 1
150 91 1
150 90 1
150 92 1
150 93 1
150 142 1
150 94 1
150 95 1
